height
12
handed
r
humanoid
genny1
vrml
hanim
face
blank
rhandpos
-2 5 1.25
rhandrot
1 0 0 3.14
rshoulder
0 0 1 0
relbow
0 0 1 0
rwrist
0 0 1 0
rthumb1k
0 0 -1 -.5
rthumb2k
0 0 1 0
rthumb3k
0 0 1 0
rindex1k
0 0 1 .785
rindex2k
0 0 1 .5
rindex3k
0 0 1 .5
rmiddle1k
0 0 1 .785
rmiddle2k
0 0 1 .5
rmiddle3k
0 0 1 .5
rring1k
0 0 1 .785
rring2k
0 0 1 .5
rring3k
0 0 1 .5
rpinky1k
0 0 1 .785
rpinky2k
0 0 1 .5
rpinky3k
0 0 1 .5
lhandpos
2 5 1.25
lhandrot
1 0 0 3.14
lshoulder
0 0 1 0
lelbow
0 0 1 0
lwrist
0 0 1 0
lefthumb1k
0 0 -1 .5
lefthumb2k
0 0 1 0
lefthumb3k
0 0 1 0
lindex1k
0 0 1 -.785
lindex2k
0 0 1 -.5
lindex3k
0 0 1 -.5
lmiddle1k
0 0 1 -.785
lmiddle2k
0 0 1 -.5
lmiddle3k
0 0 1 -.5
lring1k
0 0 1 -.785
lring2k
0 0 1 -.5
lring3k
0 0 1 -.5
lpinky1k
0 0 1 -.785
lpinky2k
0 0 1 -.5
lpinky3k
0 0 1 -.5
leye
1 0 0 1.57
reye
1 0 0 1.57
reyebrow
-.2 .15 0.02, -.15 .19 0.06, .13 .19 0.06, .2 .15 0.06, .2 .13 .06, .13 .17 .06, -.15 .17 .07, -.2 .13 .0
leyebrow
.2 .15 0.02, .15 .19 0.06, -.13 .19 0.06, -.2 .15 0.06, -.2 .13 .06, -.13 .17 .06, .15 .17 .07, .2 .13 .02
ltoplid
.2 0 0, .18 0 0.03, .14 .1 0.01, .14 .03 0.03, 0 .1 .03, -.06 .05 0.05, -.14 .1 0.01, -.2 0 .01
ltopeyeline
0.181 0 .022, 0.14 0.031 .035, -.06 0.052 .051, -.201 0 .011
lbottomlid
.2 0 0.01, .18 0 0.02, .14 -.12 0.01, .14 -.03 0.05, 0 -.12 .05, -.06 -.05 0.05, -.14 -.12 0.03, -.2 0 .01
lbottomeyeline
0.181 0 .022, 0.14 -.031 .052, -.06 -.052 .052, -.201 0 .011
rtoplid
-.2 0 0, -.18 0 0.03, -.14 .1 0.01, -.14 .03 0.03, 0 .1 .03, .06 .05 0.05, .14 .1 0.01, .2 0 .01
rtopeyeline
-.181 0 .031, -.14 0.031 .031, 0.06 0.052 .051, 0.201 0 .011
rbottomlid
-.2 0 0.01, -.18 0 0.02, -.14 -.12 0.01, -.14 -.03 0.05, 0 -.12 .03, .06 -.05 0.05, .14 -.12 0.03, .2 0 .01
rbottomeyeline
-.181 0 .022, -.14 -.031 .052, 0.06 -.051 .052, 0.201 0 .012
mlips
-.4 .05 .82, -.2 .05 .97, -.1 .01 .97, .1 .01 .97, .2 .05 .97, .4 .05 .82, -.2 -.05 1.02, -.15 -.1 1.02, .15 -.1 1.02, .2 -.05 1.02, .1 .1 1.02, 0 .08 1.02, -.1 .1 1.02, -.2 .05 .97, -.1 .01 .97, .1 .01 .97, .2 .05 .97
molips
-.4 .05 .82, .4 .05 .82, -.2 -.05 1.02, -.15 -.1 1.02, .15 -.1 1.02, .2 -.05 1.02, .1 .1 1.02, 0 .08 1.02, -.1 .1 1.02, -.3 -.15 .6, 0 -.2 .6, .3 -.15 .6, -.015 .45 .95, 0 .45 .95, .015 .45 .95
mtongue
0 0 .4
mskull
1 0 0 0
mneck
1 0 0 0
mtorso
1 0 0 0
leyebrowwrinkle
-.2 .1 .08, -.2 .1 .08, -.2 .1 .08, -.2 .1 .08
reyebrowwrinkle
.2 .1 .08, .2 .1 .08, .2 .1 .08, .2 .1 .08