height
12
handed
r
humanoid
genny1
vrml
hanim
face
blank
rshoulder
0 0 1 0
relbow
0 0 1 0
rwrist
0 0 1 0
rthumb1k
0 0 -1 -.5
rthumb2k
0 0 1 0
rthumb3k
0 0 1 0
rindex1k
0 0 1 .785
rindex2k
0 0 1 .5
rindex3k
0 0 1 .5
rmiddle1k
0 0 1 .785
rmiddle2k
0 0 1 .5
rmiddle3k
0 0 1 .5
rring1k
0 0 1 .785
rring2k
0 0 1 .5
rring3k
0 0 1 .5
rpinky1k
0 0 1 .785
rpinky2k
0 0 1 .5
rpinky3k
0 0 1 .5
lshoulder
0 0 1 0
lelbow
0 0 1 0
lwrist
0 0 1 0
lefthumb1k
0 0 -1 .5
lefthumb2k
0 0 1 0
lefthumb3k
0 0 1 0
lindex1k
0 0 1 -.785
lindex2k
0 0 1 -.5
lindex3k
0 0 1 -.5
lmiddle1k
0 0 1 -.785
lmiddle2k
0 0 1 -.5
lmiddle3k
0 0 1 -.5
lring1k
0 0 1 -.785
lring2k
0 0 1 -.5
lring3k
0 0 1 -.5
lpinky1k
0 0 1 -.785
lpinky2k
0 0 1 -.5
lpinky3k
0 0 1 -.5
leye
1 0 0 1.57
reye
1 0 0 1.57
reyebrow
-.2 .15 0.02, -.15 .19 0.06, .13 .19 0.06, .2 .15 0.06, .2 .13 .06, .13 .17 .06, -.15 .17 .07, -.2 .13 .0
leyebrow
.2 .15 0.02, .15 .19 0.06, -.13 .19 0.06, -.2 .15 0.06, -.2 .13 .06, -.13 .17 .06, .15 .17 .07, .2 .13 .02
ltoplid
.3 0 -.2, .15 0 .0, .15 .22 -.15, .05 .08 .03, -.05 .3 -.15, -.1 .07 .03, -.15 .2 -.1, -.2 0 -.01, .15 .2 .05, .4 0 -.2, .05 .2 .05, -.15 .2 .05, -.35 0 0
ltopeyeline
.15 0.01 .015, .05 .081 .035, -.1 .071 .035, -.2 0.01 -.005
lbottomlid
.3 0 -.2, .15 0 .01, .23 -.22 -.19, .05 -.08 .05, -.05 -.3 -.15, -.1 -.07 .03, -.15 -.2 -.1, -.2 0 -.01
lbottomeyeline
.15 -0.01 .015, .05 -.081 .055, -.1 -.071 .035, -.2 -0.01 -.005
rtoplid
-.3 0 -.2, -.15 0 .0, -.15 .22 -.15, -.05 .08 .03, .05 .3 -.15, .1 .07 .03, .15 .2 -.1, .2 0 -.01, -.15 .2 .05, -.4 0 -.2, -.05 .2 .05, .15 .2 .05, .35 0 0
rtopeyeline
-.15 0.01 .015, -.05 .081 .035, .1 .071 .035, .2 0.01 -.005
rbottomlid
-.3 0 -.2, -.15 0 .01, -.23 -.22 -.19, -.05 -.08 .05, .05 -.3 -.15, .1 -.07 .03, .15 -.2 -.1, .2 0 -.01
rbottomeyeline
-.15 -0.01 .015, -.05 -.081 .055, .1 -.071 .035, .2 -0.01 -.005
mlips
-.4 .05 .82, -.2 .05 .97, -.1 .01 .97, .1 .01 .97, .2 .05 .97, .4 .05 .82, -.2 -.05 1.02, -.15 -.1 1.02, .15 -.1 1.02, .2 -.05 1.02, .1 .1 1.02, 0 .08 1.02, -.1 .1 1.02, -.2 .05 .97, -.1 .01 .97, .1 .01 .97, .2 .05 .97
molips
-.4 .05 .82, .4 .05 .82, -.2 -.05 1.02, -.15 -.1 1.02, .15 -.1 1.02, .2 -.05 1.02, .1 .1 1.02, 0 .08 1.02, -.1 .1 1.02, -.3 -.15 .6, 0 -.2 .6, .3 -.15 .6, -.015 .45 .95, 0 .45 .95, .015 .45 .95
mtongue
0 0 .4
mskull
1 0 0 0
mneck
1 0 0 0
mtorso
1 0 0 0
leyebrowwrinkle
-.2 .1 .08, -.2 .1 .08, -.2 .1 .08, -.2 .1 .08
reyebrowwrinkle
.2 .1 .08, .2 .1 .08, .2 .1 .08, .2 .1 .08
